<?xml version="1.0"?>
<opencv_storage>
<perspective type_id="opencv-matrix">
  <rows>3</rows>
  <cols>3</cols>
  <dt>d</dt>
  <data>
    1.1056135704216954e+00 -9.8495641017521951e-03
    -4.7518360172045027e+02 -4.0205022536369345e-02
    -1.0816447998494292e+00 8.3202802662374518e+02
    1.2541818804643798e-05 8.4583170459838573e-05 1.</data></perspective>
</opencv_storage>
