<?xml version="1.0"?>
<opencv_storage>
<perspective type_id="opencv-matrix">
  <rows>3</rows>
  <cols>3</cols>
  <dt>d</dt>
  <data>
    0. -1.0587911840678754e-22 -1.0339757656912846e-25 0.
    2.6469779601696886e-23 1.0339757656912846e-25
    -8.7331181532914696e-04 -4.1515037045625409e-04 1.</data></perspective>
</opencv_storage>
